343
330
332
334
333
335
327
307
166
163
162
160
161
159
155
154
151
575
411
446
417
438
430
433
437
423
435
422
426
425
420
427
413
418
410
416
412
415
403
400
404
401
408
419
399
402
421
424
409
414
428
432
436
429
434
431
609
604
622
600
599
596
591
590
589
585
548
544
643
635
634
633
629
535
537
532
525
528
526
527
520
519
514
517
513
515
509
510
507
508
506
502
498
500
496
495
493
490
489
486
486
484
485
482
481
480
478
479
475
476
477
473
472
474
466
467
468
470
471
469
463
460
457
456
448
450
451
453
449
452
455
454
439
442
441
443
445
440
444
447
394
390
396
395
397
392
398
405
406
381
385
386
361
365
362
372
368
374
370
360
363
367
376
351
353
356
358
349
350
346
347
329
331
336
338
341
340
337
339
342
344
326
324
323
325
328
315
316
318
319
322
317
320
321
306
303
305
309
311
308
313
306
303
302
305
301
304
300
299
298
167
165
164
158
156
153
152
150
149
148
147
574
274
273
272
268
266
264
265
263
259
258
257
254
255
251
249
246
241
237
239
240
235
232
234
230
228
225
221
219
220
216
214
215
213
212
204
203
202
200
197
198
195
196
191
187
189
188
186
607
181
182
180
179
177
176
171
172
170
169
601
620
614
584
583
558
555
637
483
297
296
292
293
291
290
289
281
279
280
277
275
576
621
618
608
565
563
562
295
294
287
288
286
285
284
282
283
278
276
270
269
267
262
261
260
256
253
250
252
248
244
245
247
243
242
238
236
233
229
227
226
223
224
222
218
217
210
211
209
208
207
206
205
201
199
192
193
190
184
185
183
178
174
175
173
168
597
546
271
231
194
